
float Distance[100][100] = {
{0.000000,0.500000,1.000000,1.500000,2.000000,2.500000,3.000000,3.500000,4.000000,4.500000,5.000000,5.500000,6.000000,6.500000,7.000000,7.500000,8.000000,8.500000,9.000000,9.500000,10.000000,10.500000,11.000000,11.500000,12.000000,12.500000,13.000000,13.500000,14.000000,14.500000,15.000000,15.500000,16.000000,16.500000,17.000000,17.500000,18.000000,18.500000,19.000000,19.500000,20.000000,20.500000,21.000000,21.500000,22.000000,22.500000,23.000000,23.500000,24.000000,24.500000,25.000000,25.500000,26.000000,26.500000,27.000000,27.500000,28.000000,28.500000,29.000000,29.500000,30.000000,30.500000,31.000000,31.500000,32.000000,32.500000,33.000000,33.500000,34.000000,34.500000,35.000000,35.500000,36.000000,36.500000,37.000000,37.500000,38.000000,38.500000,39.000000,39.500000,40.000000,40.500000,41.000000,41.500000,42.000000,42.500000,43.000000,43.500000,44.000000,44.500000,45.000000,45.500000,46.000000,46.500000,47.000000,47.500000,48.000000,48.500000,49.000000,49.500000},
{0.500000,0.707107,1.118034,1.581139,2.061553,2.549510,3.041381,3.535534,4.031129,4.527693,5.024938,5.522681,6.020797,6.519202,7.017834,7.516648,8.015610,8.514693,9.013878,9.513149,10.012492,10.511898,11.011358,11.510864,12.010412,12.509996,13.009612,13.509256,14.008926,14.508618,15.008331,15.508062,16.007811,16.507574,17.007351,17.507141,18.006943,18.506756,19.006578,19.506409,20.006249,20.506097,21.005952,21.505813,22.005681,22.505555,23.005434,23.505319,24.005208,24.505102,25.005000,25.504901,26.004807,26.504717,27.004629,27.504545,28.004464,28.504386,29.004310,29.504237,30.004166,30.504098,31.004032,31.503968,32.003906,32.503846,33.003788,33.503731,34.003676,34.503623,35.003571,35.503521,36.003472,36.503424,37.003378,37.503333,38.003289,38.503247,39.003205,39.503164,40.003125,40.503086,41.003049,41.503012,42.002976,42.502941,43.002907,43.502873,44.002841,44.502809,45.002778,45.502747,46.002717,46.502688,47.002659,47.502632,48.002604,48.502577,49.002551,49.502525},
{1.000000,1.118034,1.414214,1.802776,2.236068,2.692582,3.162278,3.640055,4.123106,4.609772,5.099020,5.590170,6.082763,6.576473,7.071068,7.566373,8.062258,8.558621,9.055385,9.552487,10.049876,10.547512,11.045361,11.543396,12.041595,12.539936,13.038405,13.536986,14.035669,14.534442,15.033296,15.532225,16.031220,16.530275,17.029386,17.528548,18.027756,18.527007,19.026298,19.525624,20.024984,20.524376,21.023796,21.523243,22.022716,22.522211,23.021729,23.521267,24.020824,24.520400,25.019992,25.519600,26.019224,26.518861,27.018512,27.518176,28.017851,28.517538,29.017236,29.516944,30.016662,30.516389,31.016125,31.515869,32.015621,32.515381,33.015148,33.514922,34.014703,34.514490,35.014283,35.514082,36.013886,36.513696,37.013511,37.513331,38.013156,38.512985,39.012818,39.512656,40.012498,40.512344,41.012193,41.512046,42.011903,42.511763,43.011626,43.511493,44.011362,44.511235,45.011110,45.510988,46.010868,46.510751,47.010637,47.510525,48.010416,48.510308,49.010203,49.510100},
{1.500000,1.581139,1.802776,2.121320,2.500000,2.915476,3.354102,3.807887,4.272002,4.743416,5.220153,5.700877,6.184658,6.670832,7.158911,7.648529,8.139410,8.631338,9.124144,9.617692,10.111874,10.606602,11.101802,11.597414,12.093387,12.589678,13.086252,13.583078,14.080128,14.577380,15.074813,15.572412,16.070159,16.568042,17.066048,17.564168,18.062392,18.560711,19.059119,19.557607,20.056171,20.554805,21.053503,21.552262,22.051077,22.549945,23.048861,23.547824,24.046829,24.545875,25.044960,25.544080,26.043233,26.542419,27.041635,27.540879,28.040150,28.539446,29.038767,29.538111,30.037477,30.536863,31.036269,31.535694,32.035137,32.534597,33.034073,33.533565,34.033072,34.532593,35.032128,35.531676,36.031236,36.530809,37.030393,37.529988,38.029594,38.529210,39.028835,39.528471,40.028115,40.527768,41.027430,41.527100,42.026777,42.526462,43.026155,43.525854,44.025561,44.525274,45.024993,45.524719,46.024450,46.524187,47.023930,47.523678,48.023432,48.523190,49.022954,49.522722},
{2.000000,2.061553,2.236068,2.500000,2.828427,3.201562,3.605551,4.031129,4.472136,4.924429,5.385165,5.852350,6.324555,6.800735,7.280110,7.762087,8.246211,8.732125,9.219544,9.708244,10.198039,10.688779,11.180340,11.672618,12.165525,12.658989,13.152946,13.647344,14.142136,14.637281,15.132746,15.628500,16.124515,16.620770,17.117243,17.613915,18.110770,18.607794,19.104973,19.602296,20.099751,20.597330,21.095023,21.592823,22.090722,22.588714,23.086793,23.584953,24.083189,24.581497,25.079872,25.578311,26.076810,26.575365,27.073973,27.572631,28.071338,28.570089,29.068884,29.567719,30.066593,30.565503,31.064449,31.563428,32.062439,32.561480,33.060551,33.559648,34.058773,34.557922,35.057096,35.556293,36.055513,36.554753,37.054015,37.553295,38.052595,38.551913,39.051248,39.550601,40.049969,40.549353,41.048752,41.548165,42.047592,42.547033,43.046487,43.545953,44.045431,44.544921,45.044423,45.543935,46.043458,46.542991,47.042534,47.542087,48.041649,48.541220,49.040799,49.540388},
{2.500000,2.549510,2.692582,2.915476,3.201562,3.535534,3.905125,4.301163,4.716991,5.147815,5.590170,6.041523,6.500000,6.964194,7.433034,7.905694,8.381527,8.860023,9.340771,9.823441,10.307764,10.793517,11.280514,11.768602,12.257651,12.747549,13.238202,13.729530,14.221463,14.713939,15.206906,15.700318,16.194135,16.688319,17.182840,17.677670,18.172782,18.668155,19.163768,19.659603,20.155644,20.651876,21.148286,21.644861,22.141590,22.638463,23.135471,23.632605,24.129857,24.627221,25.124689,25.622256,26.119916,26.617663,27.115494,27.613403,28.111386,28.609439,29.107559,29.605743,30.103986,30.602287,31.100643,31.599051,32.097508,32.596012,33.094561,33.593154,34.091788,34.590461,35.089172,35.587919,36.086701,36.585516,37.084363,37.583241,38.082148,38.581083,39.080046,39.579035,40.078049,40.577087,41.076149,41.575233,42.074339,42.573466,43.072613,43.571780,44.070965,44.570169,45.069391,45.568630,46.067885,46.567156,47.066442,47.565744,48.065060,48.564390,49.063734,49.563091},
{3.000000,3.041381,3.162278,3.354102,3.605551,3.905125,4.242641,4.609772,5.000000,5.408327,5.830952,6.264982,6.708204,7.158911,7.615773,8.077747,8.544004,9.013878,9.486833,9.962429,10.440307,10.920165,11.401754,11.884864,12.369317,12.854960,13.341664,13.829317,14.317821,14.807093,15.297059,15.787653,16.278821,16.770510,17.262677,17.755281,18.248288,18.741665,19.235384,19.729420,20.223748,20.718349,21.213203,21.708293,22.203603,22.699119,23.194827,23.690715,24.186773,24.682990,25.179357,25.675864,26.172505,26.669271,27.166155,27.663152,28.160256,28.657460,29.154759,29.652150,30.149627,30.647186,31.144823,31.642535,32.140317,32.638168,33.136083,33.634060,34.132096,34.630189,35.128336,35.626535,36.124784,36.623080,37.121422,37.619809,38.118237,38.616706,39.115214,39.613760,40.112342,40.610959,41.109610,41.608292,42.107007,42.605751,43.104524,43.603326,44.102154,44.601009,45.099889,45.598794,46.097722,46.596674,47.095647,47.594643,48.093659,48.592695,49.091751,49.590826},
{3.500000,3.535534,3.640055,3.807887,4.031129,4.301163,4.609772,4.949747,5.315073,5.700877,6.103278,6.519202,6.946222,7.382412,7.826238,8.276473,8.732125,9.192388,9.656604,10.124228,10.594810,11.067972,11.543396,12.020815,12.500000,12.980755,13.462912,13.946326,14.430870,14.916434,15.402922,15.890249,16.378339,16.867128,17.356555,17.846568,18.337121,18.828170,19.319679,19.811613,20.303941,20.796634,21.289669,21.783021,22.276669,22.770595,23.264780,23.759209,24.253866,24.748737,25.243811,25.739075,26.234519,26.730133,27.225907,27.721833,28.217902,28.714108,29.210443,29.706902,30.203477,30.700163,31.196955,31.693848,32.190837,32.687918,33.185087,33.682340,34.179672,34.677082,35.174565,35.672118,36.169739,36.667424,37.165172,37.662979,38.160844,38.658764,39.156736,39.654760,40.152833,40.650953,41.149119,41.647329,42.145581,42.643874,43.142207,43.640577,44.138985,44.637428,45.135906,45.634417,46.132960,46.631534,47.130139,47.628773,48.127435,48.626125,49.124841,49.623583},
{4.000000,4.031129,4.123106,4.272002,4.472136,4.716991,5.000000,5.315073,5.656854,6.020797,6.403124,6.800735,7.211103,7.632169,8.062258,8.500000,8.944272,9.394147,9.848858,10.307764,10.770330,11.236103,11.704700,12.175796,12.649111,13.124405,13.601471,14.080128,14.560220,15.041609,15.524175,16.007811,16.492423,16.977927,17.464249,17.951323,18.439089,18.927493,19.416488,19.906029,20.396078,20.886599,21.377558,21.868928,22.360680,22.852790,23.345235,23.837995,24.331050,24.824383,25.317978,25.811819,26.305893,26.800187,27.294688,27.789386,28.284271,28.779333,29.274562,29.769951,30.265492,30.761177,31.256999,31.752953,32.249031,32.745229,33.241540,33.737961,34.234486,34.731110,35.227830,35.724641,36.221541,36.718524,37.215588,37.712730,38.209946,38.707234,39.204592,39.702015,40.199502,40.697051,41.194660,41.692325,42.190046,42.687820,43.185646,43.683521,44.181444,44.679414,45.177428,45.675486,46.173586,46.671726,47.169906,47.668124,48.166378,48.664669,49.162994,49.661353},
{4.500000,4.527693,4.609772,4.743416,4.924429,5.147815,5.408327,5.700877,6.020797,6.363961,6.726812,7.106335,7.500000,7.905694,8.321658,8.746428,9.178780,9.617692,10.062306,10.511898,10.965856,11.423660,11.884864,12.349089,12.816006,13.285330,13.756816,14.230249,14.705441,15.182226,15.660460,16.140012,16.620770,17.102631,17.585505,18.069311,18.553975,19.039433,19.525624,20.012496,20.500000,20.988092,21.476732,21.965883,22.455512,22.945588,23.436083,23.926972,24.418231,24.909837,25.401772,25.894015,26.386550,26.879360,27.372431,27.865750,28.359302,28.853076,29.347061,29.841247,30.335623,30.830180,31.324910,31.819805,32.314857,32.810059,33.305405,33.800888,34.296501,34.792241,35.288100,35.784075,36.280160,36.776351,37.272644,37.769035,38.265520,38.762095,39.258757,39.755503,40.252329,40.749233,41.246212,41.743263,42.240384,42.737571,43.234824,43.732139,44.229515,44.726949,45.224440,45.721986,46.219585,46.717235,47.214934,47.712682,48.210476,48.708316,49.206199,49.704125},
{5.000000,5.024938,5.099020,5.220153,5.385165,5.590170,5.830952,6.103278,6.403124,6.726812,7.071068,7.433034,7.810250,8.200610,8.602325,9.013878,9.433981,9.861541,10.295630,10.735455,11.180340,11.629703,12.083046,12.539936,13.000000,13.462912,13.928388,14.396180,14.866069,15.337862,15.811388,16.286497,16.763055,17.240940,17.720045,18.200275,18.681542,19.163768,19.646883,20.130822,20.615528,21.100948,21.587033,22.073740,22.561028,23.048861,23.537205,24.026028,24.515301,25.005000,25.495098,25.985573,26.476405,26.967573,27.459060,27.950850,28.442925,28.935273,29.427878,29.920729,30.413813,30.907119,31.400637,31.894357,32.388269,32.882366,33.376639,33.871079,34.365681,34.860436,35.355339,35.850384,36.345564,36.840874,37.336309,37.831865,38.327536,38.823318,39.319207,39.815198,40.311289,40.807475,41.303753,41.800120,42.296572,42.793107,43.289722,43.786413,44.283180,44.780018,45.276926,45.773901,46.270941,46.768045,47.265209,47.762433,48.259714,48.757051,49.254441,49.751884},
{5.500000,5.522681,5.590170,5.700877,5.852350,6.041523,6.264982,6.519202,6.800735,7.106335,7.433034,7.778175,8.139410,8.514693,8.902247,9.300538,9.708244,10.124228,10.547512,10.977249,11.412712,11.853270,12.298374,12.747549,13.200379,13.656500,14.115594,14.577380,15.041609,15.508062,15.976545,16.446884,16.918924,17.392527,17.867568,18.343936,18.821530,19.300259,19.780040,20.260800,20.742469,21.224985,21.708293,22.192341,22.677081,23.162470,23.648467,24.135037,24.622145,25.109759,25.597851,26.086395,26.575365,27.064737,27.554491,28.044607,28.535066,29.025851,29.516944,30.008332,30.500000,30.991934,31.484123,31.976554,32.469216,32.962099,33.455194,33.948490,34.441980,34.935655,35.429507,35.923530,36.417715,36.912058,37.406550,37.901187,38.395963,38.890873,39.385911,39.881073,40.376354,40.871751,41.367258,41.862871,42.358588,42.854405,43.350317,43.846323,44.342418,44.838599,45.334865,45.831212,46.327638,46.824139,47.320714,47.817361,48.314077,48.810859,49.307707,49.804618},
{6.000000,6.020797,6.082763,6.184658,6.324555,6.500000,6.708204,6.946222,7.211103,7.500000,7.810250,8.139410,8.485281,8.845903,9.219544,9.604686,10.000000,10.404326,10.816654,11.236103,11.661904,12.093387,12.529964,12.971122,13.416408,13.865425,14.317821,14.773287,15.231546,15.692355,16.155494,16.620770,17.088007,17.557050,18.027756,18.500000,18.973666,19.448650,19.924859,20.402206,20.880613,21.360009,21.840330,22.321514,22.803509,23.286262,23.769729,24.253866,24.738634,25.223997,25.709920,26.196374,26.683328,27.170756,27.658633,28.146936,28.635642,29.124732,29.614186,30.103986,30.594117,31.084562,31.575307,32.066337,32.557641,33.049206,33.541020,34.033072,34.525353,35.017853,35.510562,36.003472,36.496575,36.989863,37.483330,37.976967,38.470768,38.964728,39.458839,39.953098,40.447497,40.942032,41.436699,41.931492,42.426407,42.921440,43.416587,43.911844,44.407207,44.902673,45.398238,45.893899,46.389654,46.885499,47.381431,47.877448,48.373546,48.869725,49.365980,49.862310},
{6.500000,6.519202,6.576473,6.670832,6.800735,6.964194,7.158911,7.382412,7.632169,7.905694,8.200610,8.514693,8.845903,9.192388,9.552487,9.924717,10.307764,10.700467,11.101802,11.510864,11.926860,12.349089,12.776932,13.209845,13.647344,14.089003,14.534442,14.983324,15.435349,15.890249,16.347783,16.807736,17.269916,17.734148,18.200275,18.668155,19.137659,19.608672,20.081086,20.554805,21.029741,21.505813,21.982948,22.461077,22.940139,23.420077,23.900837,24.382371,24.864634,25.347584,25.831183,26.315395,26.800187,27.285527,27.771388,28.257742,28.744565,29.231832,29.719522,30.207615,30.696091,31.184932,31.674122,32.163644,32.653484,33.143627,33.634060,34.124771,34.615748,35.106979,35.598455,36.090165,36.582099,37.074250,37.566608,38.059164,38.551913,39.044846,39.537956,40.031238,40.524684,41.018289,41.512046,42.005952,42.500000,42.994186,43.488504,43.982951,44.477522,44.972214,45.467021,45.961941,46.456969,46.952103,47.447339,47.942674,48.438105,48.933629,49.429242,49.924944},
{7.000000,7.017834,7.071068,7.158911,7.280110,7.433034,7.615773,7.826238,8.062258,8.321658,8.602325,8.902247,9.219544,9.552487,9.899495,10.259142,10.630146,11.011358,11.401754,11.800424,12.206556,12.619429,13.038405,13.462912,13.892444,14.326549,14.764823,15.206906,15.652476,16.101242,16.552945,17.007351,17.464249,17.923448,18.384776,18.848077,19.313208,19.780040,20.248457,20.718349,21.189620,21.662179,22.135944,22.610838,23.086793,23.563743,24.041631,24.520400,25.000000,25.480385,25.961510,26.443336,26.925824,27.408940,27.892651,28.376927,28.861739,29.347061,29.832868,30.319136,30.805844,31.292970,31.780497,32.268406,32.756679,33.245300,33.734256,34.223530,34.713110,35.202983,35.693137,36.183560,36.674242,37.165172,37.656341,38.147739,38.639358,39.131190,39.623226,40.115458,40.607881,41.100487,41.593269,42.086221,42.579338,43.072613,43.566042,44.059619,44.553339,45.047197,45.541190,46.035313,46.529560,47.023930,47.518417,48.013019,48.507731,49.002551,49.497475,49.992499},
{7.500000,7.516648,7.566373,7.648529,7.762087,7.905694,8.077747,8.276473,8.500000,8.746428,9.013878,9.300538,9.604686,9.924717,10.259142,10.606602,10.965856,11.335784,11.715375,12.103718,12.500000,12.903488,13.313527,13.729530,14.150972,14.577380,15.008331,15.443445,15.882380,16.324828,16.770510,17.219175,17.670597,18.124569,18.580904,19.039433,19.500000,19.962465,20.426698,20.892582,21.360009,21.828880,22.299103,22.770595,23.243279,23.717082,24.191941,24.667793,25.144582,25.622256,26.100766,26.580068,27.060118,27.540879,28.022313,28.504386,28.987066,29.470324,29.954132,30.438463,30.923292,31.408598,31.894357,32.380550,32.867157,33.354160,33.841543,34.329288,34.817381,35.305807,35.794553,36.283605,36.772952,37.262582,37.752483,38.242646,38.733061,39.223717,39.714607,40.205721,40.697051,41.188591,41.680331,42.172266,42.664388,43.156691,43.649170,44.141817,44.634628,45.127597,45.620719,46.113989,46.607403,47.100955,47.594643,48.088460,48.582404,49.076471,49.570657,50.064958},
{8.000000,8.015610,8.062258,8.139410,8.246211,8.381527,8.544004,8.732125,8.944272,9.178780,9.433981,9.708244,10.000000,10.307764,10.630146,10.965856,11.313708,11.672618,12.041595,12.419742,12.806248,13.200379,13.601471,14.008926,14.422205,14.840822,15.264338,15.692355,16.124515,16.560495,17.000000,17.442764,17.888544,18.337121,18.788294,19.241881,19.697716,20.155644,20.615528,21.077239,21.540659,22.005681,22.472205,22.940139,23.409400,23.879908,24.351591,24.824383,25.298221,25.773048,26.248809,26.725456,27.202941,27.681221,28.160256,28.640007,29.120440,29.601520,30.083218,30.565503,31.048349,31.531730,32.015621,32.500000,32.984845,33.470136,33.955854,34.441980,34.928498,35.415392,35.902646,36.390246,36.878178,37.366429,37.854986,38.343839,38.832976,39.322385,39.812058,40.301985,40.792156,41.282563,41.773197,42.264051,42.755117,43.246387,43.737855,44.229515,44.721360,45.213383,45.705580,46.197944,46.690470,47.183154,47.675990,48.168973,48.662100,49.155366,49.648766,50.142298},
{8.500000,8.514693,8.558621,8.631338,8.732125,8.860023,9.013878,9.192388,9.394147,9.617692,9.861541,10.124228,10.404326,10.700467,11.011358,11.335784,11.672618,12.020815,12.379418,12.747549,13.124405,13.509256,13.901439,14.300350,14.705441,15.116216,15.532225,15.953056,16.378339,16.807736,17.240940,17.677670,18.117671,18.560711,19.006578,19.455076,19.906029,20.359273,20.814658,21.272047,21.731314,22.192341,22.655022,23.119256,23.584953,24.052027,24.520400,24.989998,25.460754,25.932605,26.405492,26.879360,27.354159,27.829840,28.306360,28.783676,29.261750,29.740545,30.220026,30.700163,31.180924,31.662280,32.144206,32.626676,33.109666,33.593154,34.077118,34.561539,35.046398,35.531676,36.017357,36.503424,36.989863,37.476659,37.963799,38.451268,38.939055,39.427148,39.915536,40.404208,40.893153,41.382363,41.871828,42.361539,42.851488,43.341666,43.832066,44.322680,44.813502,45.304525,45.795742,46.287147,46.778734,47.270498,47.762433,48.254533,48.746795,49.239212,49.731781,50.224496},
{9.000000,9.013878,9.055385,9.124144,9.219544,9.340771,9.486833,9.656604,9.848858,10.062306,10.295630,10.547512,10.816654,11.101802,11.401754,11.715375,12.041595,12.379418,12.727922,13.086252,13.453624,13.829317,14.212670,14.603082,15.000000,15.402922,15.811388,16.224981,16.643317,17.066048,17.492856,17.923448,18.357560,18.794946,19.235384,19.678669,20.124612,20.573041,21.023796,21.476732,21.931712,22.388613,22.847319,23.307724,23.769729,24.233242,24.698178,25.164459,25.632011,26.100766,26.570661,27.041635,27.513633,27.986604,28.460499,28.935273,29.410882,29.887288,30.364453,30.842341,31.320920,31.800157,32.280025,32.760495,33.241540,33.723137,34.205263,34.687894,35.171011,35.654593,36.138622,36.623080,37.107951,37.593217,38.078866,38.564880,39.051248,39.537956,40.024992,40.512344,41.000000,41.487950,41.976184,42.464691,42.953463,43.442491,43.931765,44.421279,44.911023,45.400991,45.891176,46.381570,46.872167,47.362960,47.853944,48.345114,48.836462,49.327984,49.819675,50.311529},
{9.500000,9.513149,9.552487,9.617692,9.708244,9.823441,9.962429,10.124228,10.307764,10.511898,10.735455,10.977249,11.236103,11.510864,11.800424,12.103718,12.419742,12.747549,13.086252,13.435029,13.793114,14.159802,14.534442,14.916434,15.305228,15.700318,16.101242,16.507574,16.918924,17.334936,17.755281,18.179659,18.607794,19.039433,19.474342,19.912308,20.353132,20.796634,21.242646,21.691012,22.141590,22.594247,23.048861,23.505319,23.963514,24.423349,24.884734,25.347584,25.811819,26.277367,26.744158,27.212130,27.681221,28.151377,28.622544,29.094673,29.567719,30.041638,30.516389,30.991934,31.468238,31.945266,32.422986,32.901368,33.380383,33.860006,34.340210,34.820971,35.302266,35.784075,36.266376,36.749150,37.232378,37.716044,38.200131,38.684622,39.169503,39.654760,40.140379,40.626346,41.112650,41.599279,42.086221,42.573466,43.061003,43.548823,44.036916,44.525274,45.013887,45.502747,45.991847,46.481179,46.970736,47.460510,47.950495,48.440685,48.931074,49.421655,49.912423,50.403373},
{10.000000,10.012492,10.049876,10.111874,10.198039,10.307764,10.440307,10.594810,10.770330,10.965856,11.180340,11.412712,11.661904,11.926860,12.206556,12.500000,12.806248,13.124405,13.453624,13.793114,14.142136,14.500000,14.866069,15.239751,15.620499,16.007811,16.401219,16.800298,17.204651,17.613915,18.027756,18.445867,18.867962,19.293781,19.723083,20.155644,20.591260,21.029741,21.470911,21.914607,22.360680,22.808989,23.259407,23.711811,24.166092,24.622145,25.079872,25.539186,26.000000,26.462237,26.925824,27.390692,27.856777,28.324018,28.792360,29.261750,29.732137,30.203477,30.675723,31.148836,31.622777,32.097508,32.572995,33.049206,33.526109,34.003676,34.481879,34.960692,35.440090,35.920050,36.400549,36.881567,37.363083,37.845079,38.327536,38.810437,39.293765,39.777506,40.261644,40.746165,41.231056,41.716304,42.201896,42.687820,43.174066,43.660623,44.147480,44.634628,45.122057,45.609758,46.097722,46.585942,47.074409,47.563116,48.052055,48.541220,49.030603,49.520198,50.009999,50.500000},
{10.500000,10.511898,10.547512,10.606602,10.688779,10.793517,10.920165,11.067972,11.236103,11.423660,11.629703,11.853270,12.093387,12.349089,12.619429,12.903488,13.200379,13.509256,13.829317,14.159802,14.500000,14.849242,15.206906,15.572412,15.945219,16.324828,16.710775,17.102631,17.500000,17.902514,18.309833,18.721645,19.137659,19.557607,19.981241,20.408332,20.838666,21.272047,21.708293,22.147235,22.588714,23.032586,23.478714,23.926972,24.377243,24.829418,25.283394,25.739075,26.196374,26.655206,27.115494,27.577164,28.040150,28.504386,28.969812,29.436372,29.904013,30.372685,30.842341,31.312937,31.784430,32.256782,32.729956,33.203915,33.678628,34.154063,34.630189,35.106979,35.584407,36.062446,36.541073,37.020265,37.500000,37.980258,38.461019,38.942265,39.423977,39.906140,40.388736,40.871751,41.355169,41.838977,42.323162,42.807710,43.292609,43.777848,44.263416,44.749302,45.235495,45.721986,46.208765,46.695824,47.183154,47.670746,48.158592,48.646685,49.135018,49.623583,50.112374,50.601383},
{11.000000,11.011358,11.045361,11.101802,11.180340,11.280514,11.401754,11.543396,11.704700,11.884864,12.083046,12.298374,12.529964,12.776932,13.038405,13.313527,13.601471,13.901439,14.212670,14.534442,14.866069,15.206906,15.556349,15.913830,16.278821,16.650826,17.029386,17.414075,17.804494,18.200275,18.601075,19.006578,19.416488,19.830532,20.248457,20.670027,21.095023,21.523243,21.954498,22.388613,22.825424,23.264780,23.706539,24.150569,24.596748,25.044960,25.495098,25.947061,26.400758,26.856098,27.313001,27.771388,28.231188,28.692333,29.154759,29.618406,30.083218,30.549141,31.016125,31.484123,31.953091,32.422986,32.893768,33.365401,33.837849,34.311077,34.785054,35.259750,35.735137,36.211186,36.687873,37.165172,37.643060,38.121516,38.600518,39.080046,39.560081,40.040604,40.521599,41.003049,41.484937,41.967249,42.449971,42.933087,43.416587,43.900456,44.384682,44.869255,45.354162,45.839394,46.324939,46.810789,47.296934,47.783365,48.270074,48.757051,49.244289,49.731781,50.219518,50.707495},
{11.500000,11.510864,11.543396,11.597414,11.672618,11.768602,11.884864,12.020815,12.175796,12.349089,12.539936,12.747549,12.971122,13.209845,13.462912,13.729530,14.008926,14.300350,14.603082,14.916434,15.239751,15.572412,15.913830,16.263456,16.620770,16.985288,17.356555,17.734148,18.117671,18.506756,18.901058,19.300259,19.704060,20.112185,20.524376,20.940392,21.360009,21.783021,22.209232,22.638463,23.070544,23.505319,23.942640,24.382371,24.824383,25.268558,25.714782,26.162951,26.612967,27.064737,27.518176,27.973201,28.429738,28.887714,29.347061,29.807717,30.269622,30.732719,31.196955,31.662280,32.128648,32.596012,33.064331,33.533565,34.003676,34.474628,34.946388,35.418921,35.892200,36.366193,36.840874,37.316216,37.792195,38.268786,38.745968,39.223717,39.702015,40.180841,40.660177,41.140005,41.620308,42.101069,42.582273,43.063906,43.545953,44.028400,44.511235,44.994444,45.478017,45.961941,46.446205,46.930800,47.415715,47.900939,48.386465,48.872283,49.358383,49.844759,50.331402,50.818304},
{12.000000,12.010412,12.041595,12.093387,12.165525,12.257651,12.369317,12.500000,12.649111,12.816006,13.000000,13.200379,13.416408,13.647344,13.892444,14.150972,14.422205,14.705441,15.000000,15.305228,15.620499,15.945219,16.278821,16.620770,16.970563,17.327723,17.691806,18.062392,18.439089,18.821530,19.209373,19.602296,20.000000,20.402206,20.808652,21.219095,21.633308,22.051077,22.472205,22.896506,23.323808,23.753947,24.186773,24.622145,25.059928,25.500000,25.942244,26.386550,26.832816,27.280946,27.730849,28.182441,28.635642,29.090376,29.546573,30.004166,30.463092,30.923292,31.384710,31.847292,32.310989,32.775753,33.241540,33.708308,34.176015,34.644624,35.114100,35.584407,36.055513,36.527387,37.000000,37.473324,37.947332,38.421999,38.897301,39.373214,39.849718,40.326790,40.804412,41.282563,41.761226,42.240384,42.720019,43.200116,43.680659,44.161635,44.643029,45.124827,45.607017,46.089587,46.572524,47.055818,47.539457,48.023432,48.507731,48.992346,49.477268,49.962486,50.447993,50.933781},
{12.500000,12.509996,12.539936,12.589678,12.658989,12.747549,12.854960,12.980755,13.124405,13.285330,13.462912,13.656500,13.865425,14.089003,14.326549,14.577380,14.840822,15.116216,15.402922,15.700318,16.007811,16.324828,16.650826,16.985288,17.327723,17.677670,18.034689,18.398369,18.768324,19.144190,19.525624,19.912308,20.303941,20.700242,21.100948,21.505813,21.914607,22.327114,22.743131,23.162470,23.584953,24.010414,24.438699,24.869660,25.303162,25.739075,26.177280,26.617663,27.060118,27.504545,27.950850,28.398944,28.848743,29.300171,29.753151,30.207615,30.663496,31.120733,31.579265,32.039039,32.500000,32.962099,33.425290,33.889526,34.354767,34.820971,35.288100,35.756118,36.224991,36.694686,37.165172,37.636419,38.108398,38.581083,39.054449,39.528471,40.003125,40.478389,40.954243,41.430665,41.907637,42.385139,42.863154,43.341666,43.820657,44.300113,44.780018,45.260358,45.741119,46.222289,46.703854,47.185803,47.668124,48.150805,48.633836,49.117207,49.600907,50.084928,50.569259,51.053893},
{13.000000,13.009612,13.038405,13.086252,13.152946,13.238202,13.341664,13.462912,13.601471,13.756816,13.928388,14.115594,14.317821,14.534442,14.764823,15.008331,15.264338,15.532225,15.811388,16.101242,16.401219,16.710775,17.029386,17.356555,17.691806,18.034689,18.384776,18.741665,19.104973,19.474342,19.849433,20.229928,20.615528,21.005952,21.400935,21.800229,22.203603,22.610838,23.021729,23.436083,23.853721,24.274472,24.698178,25.124689,25.553865,25.985573,26.419690,26.856098,27.294688,27.735356,28.178006,28.622544,29.068884,29.516944,29.966648,30.417922,30.870698,31.324910,31.780497,32.237401,32.695565,33.154939,33.615473,34.077118,34.539832,35.003571,35.468296,35.933967,36.400549,36.868008,37.336309,37.805423,38.275318,38.745968,39.217343,39.689419,40.162171,40.635576,41.109610,41.584252,42.059482,42.535279,43.011626,43.488504,43.965896,44.443785,44.922155,45.400991,45.880279,46.360004,46.840154,47.320714,47.801674,48.283020,48.764741,49.246827,49.729267,50.212050,50.695167,51.178609},
{13.500000,13.509256,13.536986,13.583078,13.647344,13.729530,13.829317,13.946326,14.080128,14.230249,14.396180,14.577380,14.773287,14.983324,15.206906,15.443445,15.692355,15.953056,16.224981,16.507574,16.800298,17.102631,17.414075,17.734148,18.062392,18.398369,18.741665,19.091883,19.448650,19.811613,20.180436,20.554805,20.934421,21.319006,21.708293,22.102036,22.500000,22.901965,23.307724,23.717082,24.129857,24.545875,24.964975,25.387005,25.811819,26.239284,26.669271,27.101660,27.536340,27.973201,28.412145,28.853076,29.295904,29.740545,30.186918,30.634947,31.084562,31.535694,31.988279,32.442256,32.897568,33.354160,33.811980,34.270979,34.731110,35.192329,35.654593,36.117863,36.582099,37.047267,37.513331,37.980258,38.448017,38.916577,39.385911,39.855991,40.326790,40.798284,41.270449,41.743263,42.216703,42.690748,43.165380,43.640577,44.116324,44.592600,45.069391,45.546679,46.024450,46.502688,46.981379,47.460510,47.940067,48.420037,48.900409,49.381171,49.862310,50.343818,50.825682,51.307894},
{14.000000,14.008926,14.035669,14.080128,14.142136,14.221463,14.317821,14.430870,14.560220,14.705441,14.866069,15.041609,15.231546,15.435349,15.652476,15.882380,16.124515,16.378339,16.643317,16.918924,17.204651,17.500000,17.804494,18.117671,18.439089,18.768324,19.104973,19.448650,19.798990,20.155644,20.518285,20.886599,21.260292,21.639085,22.022716,22.410935,22.803509,23.200216,23.600847,24.005208,24.413111,24.824383,25.238859,25.656383,26.076810,26.500000,26.925824,27.354159,27.784888,28.217902,28.653098,29.090376,29.529646,29.970819,30.413813,30.858548,31.304952,31.752953,32.202484,32.653484,33.105891,33.559648,34.014703,34.471002,34.928498,35.387145,35.846897,36.307713,36.769553,37.232378,37.696154,38.160844,38.626416,39.092838,39.560081,40.028115,40.496913,40.966450,41.436699,41.907637,42.379240,42.851488,43.324358,43.797831,44.271887,44.746508,45.221676,45.697374,46.173586,46.650295,47.127487,47.605147,48.083261,48.561816,49.040799,49.520198,50.000000,50.480194,50.960769,51.441715},
{14.500000,14.508618,14.534442,14.577380,14.637281,14.713939,14.807093,14.916434,15.041609,15.182226,15.337862,15.508062,15.692355,15.890249,16.101242,16.324828,16.560495,16.807736,17.066048,17.334936,17.613915,17.902514,18.200275,18.506756,18.821530,19.144190,19.474342,19.811613,20.155644,20.506097,20.862646,21.224985,21.592823,21.965883,22.343903,22.726636,23.113849,23.505319,23.900837,24.300206,24.703239,25.109759,25.519600,25.932605,26.348624,26.767518,27.189152,27.613403,28.040150,28.469282,28.900692,29.334280,29.769951,30.207615,30.647186,31.088583,31.531730,31.976554,32.422986,32.870960,33.320414,33.771290,34.223530,34.677082,35.131894,35.587919,36.045111,36.503424,36.962819,37.423255,37.884693,38.347099,38.810437,39.274674,39.739779,40.205721,40.672472,41.140005,41.608292,42.077310,42.547033,43.017438,43.488504,43.960209,44.432533,44.905456,45.378960,45.853026,46.327638,46.802778,47.278431,47.754581,48.231214,48.708316,49.185872,49.663870,50.142298,50.621142,51.100391,51.580035},
{15.000000,15.008331,15.033296,15.074813,15.132746,15.206906,15.297059,15.402922,15.524175,15.660460,15.811388,15.976545,16.155494,16.347783,16.552945,16.770510,17.000000,17.240940,17.492856,17.755281,18.027756,18.309833,18.601075,18.901058,19.209373,19.525624,19.849433,20.180436,20.518285,20.862646,21.213203,21.569655,21.931712,22.299103,22.671568,23.048861,23.430749,23.817011,24.207437,24.601829,25.000000,25.401772,25.806976,26.215453,26.627054,27.041635,27.459060,27.879204,28.301943,28.727165,29.154759,29.584624,30.016662,30.450780,30.886890,31.324910,31.764760,32.206366,32.649655,33.094561,33.541020,33.988969,34.438351,34.889110,35.341194,35.794553,36.249138,36.704904,37.161808,37.619809,38.078866,38.538941,39.000000,39.462007,39.924930,40.388736,40.853396,41.318882,41.785165,42.252219,42.720019,43.188540,43.657760,44.127656,44.598206,45.069391,45.541190,46.013585,46.486557,46.960089,47.434165,47.908767,48.383882,48.859492,49.335586,49.812147,50.289164,50.766623,51.244512,51.722819},
{15.500000,15.508062,15.532225,15.572412,15.628500,15.700318,15.787653,15.890249,16.007811,16.140012,16.286497,16.446884,16.620770,16.807736,17.007351,17.219175,17.442764,17.677670,17.923448,18.179659,18.445867,18.721645,19.006578,19.300259,19.602296,19.912308,20.229928,20.554805,20.886599,21.224985,21.569655,21.920310,22.276669,22.638463,23.005434,23.377339,23.753947,24.135037,24.520400,24.909837,25.303162,25.700195,26.100766,26.504717,26.911893,27.322152,27.735356,28.151377,28.570089,28.991378,29.415132,29.841247,30.269622,30.700163,31.132780,31.567388,32.003906,32.442256,32.882366,33.324165,33.767588,34.212571,34.659054,35.106979,35.556293,36.006944,36.458881,36.912058,37.366429,37.821951,38.278584,38.736288,39.195025,39.654760,40.115458,40.577087,41.039615,41.503012,41.967249,42.432299,42.898135,43.364732,43.832066,44.300113,44.768851,45.238258,45.708314,46.179000,46.650295,47.122182,47.594643,48.067661,48.541220,49.015304,49.489898,49.964988,50.440559,50.916598,51.393093,51.870030},
{16.000000,16.007811,16.031220,16.070159,16.124515,16.194135,16.278821,16.378339,16.492423,16.620770,16.763055,16.918924,17.088007,17.269916,17.464249,17.670597,17.888544,18.117671,18.357560,18.607794,18.867962,19.137659,19.416488,19.704060,20.000000,20.303941,20.615528,20.934421,21.260292,21.592823,21.931712,22.276669,22.627417,22.983690,23.345235,23.711811,24.083189,24.459150,24.839485,25.223997,25.612497,26.004807,26.400758,26.800187,27.202941,27.608875,28.017851,28.429738,28.844410,29.261750,29.681644,30.103986,30.528675,30.955613,31.384710,31.815877,32.249031,32.684094,33.120990,33.559648,34.000000,34.441980,34.885527,35.330582,35.777088,36.224991,36.674242,37.124790,37.576588,38.029594,38.483763,38.939055,39.395431,39.852854,40.311289,40.770700,41.231056,41.692325,42.154478,42.617485,43.081318,43.545953,44.011362,44.477522,44.944410,45.412003,45.880279,46.349218,46.818800,47.289005,47.759816,48.231214,48.703183,49.175705,49.648766,50.122350,50.596443,51.071029,51.546096,52.021630},
{16.500000,16.507574,16.530275,16.568042,16.620770,16.688319,16.770510,16.867128,16.977927,17.102631,17.240940,17.392527,17.557050,17.734148,17.923448,18.124569,18.337121,18.560711,18.794946,19.039433,19.293781,19.557607,19.830532,20.112185,20.402206,20.700242,21.005952,21.319006,21.639085,21.965883,22.299103,22.638463,22.983690,23.334524,23.690715,24.052027,24.418231,24.789111,25.164459,25.544080,25.927784,26.315395,26.706741,27.101660,27.500000,27.901613,28.306360,28.714108,29.124732,29.538111,29.954132,30.372685,30.793668,31.216983,31.642535,32.070235,32.500000,32.931748,33.365401,33.800888,34.238137,34.677082,35.117659,35.559809,36.003472,36.448594,36.895122,37.343005,37.792195,38.242646,38.694315,39.147158,39.601136,40.056211,40.512344,40.969501,41.427648,41.886752,42.346783,42.807710,43.269504,43.732139,44.195588,44.659825,45.124827,45.590569,46.057030,46.524187,46.992021,47.460510,47.929636,48.399380,48.869725,49.340653,49.812147,50.284192,50.756773,51.229874,51.703482,52.177581},
{17.000000,17.007351,17.029386,17.066048,17.117243,17.182840,17.262677,17.356555,17.464249,17.585505,17.720045,17.867568,18.027756,18.200275,18.384776,18.580904,18.788294,19.006578,19.235384,19.474342,19.723083,19.981241,20.248457,20.524376,20.808652,21.100948,21.400935,21.708293,22.022716,22.343903,22.671568,23.005434,23.345235,23.690715,24.041631,24.397746,24.758837,25.124689,25.495098,25.869867,26.248809,26.631748,27.018512,27.408940,27.802878,28.200177,28.600699,29.004310,29.410882,29.820295,30.232433,30.647186,31.064449,31.484123,31.906112,32.330326,32.756679,33.185087,33.615473,34.047761,34.481879,34.917761,35.355339,35.794553,36.235342,36.677650,37.121422,37.566608,38.013156,38.461019,38.910153,39.360513,39.812058,40.264749,40.718546,41.173414,41.629317,42.086221,42.544095,43.002907,43.462628,43.923228,44.384682,44.846962,45.310043,45.773901,46.238512,46.703854,47.169906,47.636646,48.104054,48.572111,49.040799,49.510100,49.979996,50.450471,50.921508,51.393093,51.865210,52.337845},
{17.500000,17.507141,17.528548,17.564168,17.613915,17.677670,17.755281,17.846568,17.951323,18.069311,18.200275,18.343936,18.500000,18.668155,18.848077,19.039433,19.241881,19.455076,19.678669,19.912308,20.155644,20.408332,20.670027,20.940392,21.219095,21.505813,21.800229,22.102036,22.410935,22.726636,23.048861,23.377339,23.711811,24.052027,24.397746,24.748737,25.104780,25.465663,25.831183,26.201145,26.575365,26.953664,27.335874,27.721833,28.111386,28.504386,28.900692,29.300171,29.702693,30.108138,30.516389,30.927334,31.340868,31.756889,32.175301,32.596012,33.018934,33.443983,33.871079,34.300146,34.731110,35.163902,35.598455,36.034705,36.472592,36.912058,37.353045,37.795502,38.239378,38.684622,39.131190,39.579035,40.028115,40.478389,40.929818,41.382363,41.835989,42.290661,42.746345,43.203009,43.660623,44.119157,44.578582,45.038872,45.500000,45.961941,46.424670,46.888165,47.352402,47.817361,48.283020,48.749359,49.216359,49.684001,50.152268,50.621142,51.090606,51.560644,52.031241,52.502381},
{18.000000,18.006943,18.027756,18.062392,18.110770,18.172782,18.248288,18.337121,18.439089,18.553975,18.681542,18.821530,18.973666,19.137659,19.313208,19.500000,19.697716,19.906029,20.124612,20.353132,20.591260,20.838666,21.095023,21.360009,21.633308,21.914607,22.203603,22.500000,22.803509,23.113849,23.430749,23.753947,24.083189,24.418231,24.758837,25.104780,25.455844,25.811819,26.172505,26.537709,26.907248,27.280946,27.658633,28.040150,28.425341,28.814059,29.206164,29.601520,30.000000,30.401480,30.805844,31.212978,31.622777,32.035137,32.449961,32.867157,33.286634,33.708308,34.132096,34.557922,34.985711,35.415392,35.846897,36.280160,36.715120,37.151716,37.589892,38.029594,38.470768,38.913365,39.357337,39.802638,40.249224,40.697051,41.146081,41.596274,42.047592,42.500000,42.953463,43.407949,43.863424,44.319860,44.777226,45.235495,45.694639,46.154631,46.615448,47.077064,47.539457,48.002604,48.466483,48.931074,49.396356,49.862310,50.328918,50.796161,51.264022,51.732485,52.201533,52.671150},
{18.500000,18.506756,18.527007,18.560711,18.607794,18.668155,18.741665,18.828170,18.927493,19.039433,19.163768,19.300259,19.448650,19.608672,19.780040,19.962465,20.155644,20.359273,20.573041,20.796634,21.029741,21.272047,21.523243,21.783021,22.051077,22.327114,22.610838,22.901965,23.200216,23.505319,23.817011,24.135037,24.459150,24.789111,25.124689,25.465663,25.811819,26.162951,26.518861,26.879360,27.244265,27.613403,27.986604,28.363709,28.744565,29.129023,29.516944,29.908193,30.302640,30.700163,31.100643,31.503968,31.910030,32.318725,32.729956,33.143627,33.559648,33.977934,34.398401,34.820971,35.245567,35.672118,36.100554,36.530809,36.962819,37.396524,37.831865,38.268786,38.707234,39.147158,39.588508,40.031238,40.475301,40.920655,41.367258,41.815069,42.264051,42.714166,43.165380,43.617657,44.070965,44.525274,44.980551,45.436769,45.893899,46.351915,46.810789,47.270498,47.731017,48.192323,48.654393,49.117207,49.580742,50.044980,50.509900,50.975484,51.441715,51.908573,52.376044,52.844110},
{19.000000,19.006578,19.026298,19.059119,19.104973,19.163768,19.235384,19.319679,19.416488,19.525624,19.646883,19.780040,19.924859,20.081086,20.248457,20.426698,20.615528,20.814658,21.023796,21.242646,21.470911,21.708293,21.954498,22.209232,22.472205,22.743131,23.021729,23.307724,23.600847,23.900837,24.207437,24.520400,24.839485,25.164459,25.495098,25.831183,26.172505,26.518861,26.870058,27.225907,27.586228,27.950850,28.319605,28.692333,29.068884,29.449109,29.832868,30.220026,30.610456,31.004032,31.400637,31.800157,32.202484,32.607514,33.015148,33.425290,33.837849,34.252737,34.669872,35.089172,35.510562,35.933967,36.359318,36.786546,37.215588,37.646381,38.078866,38.512985,38.948684,39.385911,39.824616,40.264749,40.706265,41.149119,41.593269,42.038673,42.485292,42.933087,43.382024,43.832066,44.283180,44.735333,45.188494,45.642634,46.097722,46.553732,47.010637,47.468411,47.927028,48.386465,48.846699,49.307707,49.769469,50.231962,50.695167,51.159066,51.623638,52.088866,52.554733,53.021222},
{19.500000,19.506409,19.525624,19.557607,19.602296,19.659603,19.729420,19.811613,19.906029,20.012496,20.130822,20.260800,20.402206,20.554805,20.718349,20.892582,21.077239,21.272047,21.476732,21.691012,21.914607,22.147235,22.388613,22.638463,22.896506,23.162470,23.436083,23.717082,24.005208,24.300206,24.601829,24.909837,25.223997,25.544080,25.869867,26.201145,26.537709,26.879360,27.225907,27.577164,27.932955,28.293109,28.657460,29.025851,29.398129,29.774150,30.153773,30.536863,30.923292,31.312937,31.705678,32.101402,32.500000,32.901368,33.305405,33.712016,34.121108,34.532593,34.946388,35.362409,35.780581,36.200829,36.623080,37.047267,37.473324,37.901187,38.330797,38.762095,39.195025,39.629534,40.065571,40.503086,40.942032,41.382363,41.824036,42.267008,42.711240,43.156691,43.603326,44.051107,44.500000,44.949972,45.400991,45.853026,46.306047,46.760026,47.214934,47.670746,48.127435,48.584977,49.043348,49.502525,49.962486,50.423209,50.884674,51.346860,51.809748,52.273320,52.737558,53.202444},
